{
  "header": {
    "ID": "2540",
    "name": "concert/module_Y_torso_concert.json",
    "date":"2022-11-16",
    "author": "EdaordoRomiti",
    "affiliation": "IIT",
    "email": "edoardo.romiti@iit.it",
    "cost": 0,
    "type": "cube",
    "family": "alberoboticsGenB",
    "label": "Y module (torso)",
    "addons": [],
    "disabled": false
  },
  "bodies": [
    {
      "ID": "2540_link",
      "mass": 4.860,
      "inertia": [
        [ 4.13297864e-02, -3.89362006e-05,  2.34629535e-02],
        [-3.89362006e-05,  8.28592560e-02,  1.13185543e-05],
        [ 2.34629535e-02,  1.13185543e-05,  6.22322135e-02]
      ],
      "r_com": [0.0, 0.0, -0.103],
      "visual": [
        {
          "type":"mesh",
          "parameters": {
            "file": "package://concert_resources/models/modular/meshes/concert/mesh_45degrees.stl",
            "scale": [0.001, 0.001, 0.001],
            "color": {
              "material_name": "concert_blue",
              "rgba": [0.149, 0.259, 0.51, 1]
            }
          },
          "pose": [
            [-0.707107,   0.0,    0.707107,  -0.08556 ],
            [0.0,         1.0,    0.0,        0.0     ],
            [-0.707107,   0.0,    -0.707107,  0.16128 ],
            [0.0,         0.0,    0.0,        1.0     ]
          ]
        }
      ],
      "collision": [
        {
          "type":"mesh",
          "parameters": {
            "file": "package://concert_resources/models/modular/meshes/concert/simple/mesh_45degrees.stl",
            "scale": [0.001, 0.001, 0.001]
          },
          "pose": [
            [-0.707107,   0.0,    0.707107,  -0.08556 ],
            [0.0,         1.0,    0.0,        0.0     ],
            [-0.707107,   0.0,    -0.707107,  0.16128 ],
            [0.0,         0.0,    0.0,        1.0     ]
          ]
        }
      ],
      "connectors": [
        {
          "ID": "2540_connector_1",
          "pose": [
            [1, 0,  0,  0.0],
            [0, 1,  0,  0.0],
            [0, 0,  1,  0.0],
            [0, 0,  0,  1]
          ],
          "gender": "f",
          "type": "clamp",
          "size": "large"
        },
        {
          "ID": "2540_connector_2",
          "pose": [
            [0.707107, 0,  0.707107,  0.08556],
            [0, 1,  0,  0.0],
            [-0.707107, 0,  0.707107,  0.16128],
            [0, 0,  0,  1]
          ],
          "gender": "m",
          "type": "clamp",
          "size": "large"
        },
        {
          "ID": "2540_connector_3",
          "pose": [
            [0.707107, 0,  -0.707107,  -0.08556],
            [0, 1,  0,  0.0],
            [0.707107, 0,  0.707107,  0.16128],
            [0, 0,  0,  1]
          ],
          "gender": "m",
          "type": "clamp",
          "size": "large"
        }
      ],
      "gazebo": [
        {
          "mu1": 0.2,
          "mu2": 0.2,
          "kp": 100000000.0,
          "kd": 1.0,
          "maxVel": 0.0,
          "minDepth": 0.0001,
          "material": "Gazebo/Grey",
          "selfCollide": true
        }
      ]
    }
  ],
  "joints": []
}
